./inputs/hg38/chr1.fa
[-0.04084206  0.2852844  -0.03823644 -0.15348807 -0.12638891  0.06167791
 -0.16558572  0.02310209 -0.09549805 -0.16085581  0.03431376  0.06847099
  0.04535765  0.06069351 -0.04610975  0.11906868 -0.04731561 -0.03017248
 -0.09269932  0.03277606 -0.03057091 -0.16461417  0.11123315 -0.07586157
 -0.08027376 -0.17064884  0.09088901  0.20205988  0.28769352 -0.03342038
  0.10134009 -0.27316595  0.15853255 -0.10319146  0.05149684  0.10987339
 -0.07914817 -0.04904522  0.05706646  0.23641849  0.20176283 -0.0842165
 -0.06587884 -0.15158794 -0.11691562 -0.12185897 -0.15323108 -0.01885512
 -0.27786774 -0.17779176 -0.25602642  0.17430403 -0.16349065 -0.04951439
 -0.18273227 -0.07037923  0.11325182 -0.26060973 -0.26633636 -0.26753511
  0.23881605 -0.02795267 -0.10664979  0.12840261  0.13581557  0.03309943
 -0.01876246  0.14212948 -0.01901973 -0.07253072 -0.37822204 -0.41014807
 -0.05717529 -0.0942777  -0.01098835 -0.25498552 -0.13496456 -0.02456795
 -0.02515477 -0.04123506 -0.08733421  0.25088274 -0.15906115  0.12721822
 -0.00481723 -0.23272138  0.04618129 -0.18083035  0.01712131 -0.00783725
 -0.09818606 -0.0173986  -0.2038397  -0.22759973  0.19271034 -0.07197211
 -0.0742361  -0.15296172 -0.13222351 -0.01675781]
 
 
./inputs/hg38/chr2.fa
[-0.05183909  0.28447701 -0.04158641 -0.14864442 -0.11542629  0.05351582
 -0.15759079  0.01902534 -0.09006155 -0.14616089  0.04323449  0.05722062
  0.01936755  0.03995624 -0.03474664  0.12605071 -0.04123038 -0.01978474
 -0.09622731  0.03251775 -0.04341651 -0.16949311  0.11158391 -0.07082801
 -0.07943392 -0.17821077  0.09835601  0.19754714  0.28000634 -0.03201244
  0.10750553 -0.2686828   0.14131684 -0.09012976  0.03488383  0.09702755
 -0.0848708  -0.04383248  0.07645894  0.24408992  0.17271039 -0.09176047
 -0.06883425 -0.14584898 -0.11151013 -0.1338662  -0.13600896 -0.02339491
 -0.26299832 -0.17960932 -0.25527563  0.17759576 -0.17726922 -0.05056428
 -0.17134375 -0.06433399  0.11322231 -0.25337821 -0.25650009 -0.28201243
  0.23066188 -0.03168352 -0.10851014  0.12108867  0.13493639  0.01390674
 -0.01750216  0.13851779 -0.01670137 -0.07041652 -0.37216163 -0.42707151
 -0.06473093 -0.10653978 -0.01381881 -0.25467448 -0.12172894 -0.03616792
 -0.01824383 -0.04503102 -0.07103453  0.25267588 -0.14558383  0.12934896
  0.01360524 -0.24261239  0.04910709 -0.17506272  0.01735965 -0.00539186
 -0.11497243 -0.02697529 -0.20756017 -0.21320521  0.17246988 -0.06799334
 -0.09469987 -0.16142011 -0.12054448 -0.03715042]
 
 
./inputs/hg38/chr3.fa
[-0.05080698  0.28241016 -0.03965489 -0.15419413 -0.11397997  0.05411631
 -0.1568625   0.01912296 -0.08834487 -0.14137976  0.0455006   0.05107845
  0.01531558  0.03827385 -0.03027663  0.12738752 -0.03956958 -0.0228873
 -0.09873498  0.03054417 -0.04286446 -0.16350153  0.11034168 -0.07639388
 -0.0796155  -0.18222185  0.1047696   0.19948139  0.27963371 -0.03144738
  0.10942626 -0.2688997   0.13851009 -0.09092062  0.03082337  0.09447308
 -0.09202507 -0.04824464  0.07961285  0.24647343  0.1658283  -0.08739686
 -0.07039879 -0.14573866 -0.10755946 -0.14144739 -0.13332232 -0.02039102
 -0.26485663 -0.1841312  -0.25635076  0.1822478  -0.17761853 -0.05383101
 -0.1728463  -0.06329351  0.11392364 -0.25338384 -0.25515805 -0.28570635
  0.2234511  -0.03509165 -0.10681706  0.11643975  0.12728918  0.00721617
 -0.02125881  0.13515354 -0.01911577 -0.07192771 -0.37433901 -0.43083552
 -0.06213494 -0.11366935 -0.01642204 -0.25801709 -0.12004994 -0.03905186
 -0.01817326 -0.04509205 -0.07015045  0.25390273 -0.15280909  0.13157405
  0.01569408 -0.24407755  0.05441702 -0.17686196  0.02136858 -0.00158478
 -0.11549191 -0.02869825 -0.21294009 -0.21696029  0.16964608 -0.06641387
 -0.09529686 -0.16143438 -0.1224707  -0.03413806]
 
 
./inputs/hg38/chr4.fa
[-0.01902091  0.29487795 -0.02694134 -0.1749116  -0.14744233  0.10017211
 -0.16357923  0.04775408 -0.12495101 -0.20445249 -0.00862341  0.06480958
  0.03372139  0.07301032 -0.09060728  0.12884918 -0.06255487 -0.05611604
 -0.0445627   0.0364532  -0.00544507 -0.13125679  0.13918294 -0.07289969
 -0.08497352 -0.16688167  0.06503649  0.21825582  0.2941811  -0.03393808
  0.09802847 -0.27645036  0.18895873 -0.09393714  0.11764123  0.12793163
 -0.06165598 -0.00297327  0.0727087   0.2113507   0.26868905 -0.05600171
 -0.02755832 -0.15637492 -0.1456213  -0.07372227 -0.15590055 -0.01235381
 -0.26671762 -0.13113667 -0.25797036  0.15243234 -0.15808099 -0.03925552
 -0.1650154  -0.056442    0.11468121 -0.27053405 -0.28462835 -0.24973642
  0.25532362 -0.04851322 -0.12200827  0.17883591  0.15704968  0.04659429
 -0.00711706  0.16839814  0.00125342 -0.10297511 -0.35867999 -0.40032358
 -0.06737612 -0.08671633 -0.01493152 -0.28730651 -0.17344549 -0.03984012
 -0.0187104  -0.03534891 -0.10046622  0.27087188 -0.15162708  0.10214582
 -0.03160821 -0.22952794  0.03100604 -0.23437403  0.02965792 -0.03000206
 -0.13338455  0.01922905 -0.20751395 -0.25278658  0.21687666 -0.06342861
 -0.02515732 -0.12204522 -0.14732098 -0.05354606]
 
 
./inputs/hg38/chr5.fa
[-0.05191215  0.28332739 -0.0410161  -0.14903378 -0.11459752  0.05333473
 -0.15723143  0.01946258 -0.09081777 -0.14448329  0.04397855  0.05594531
  0.01797908  0.03914878 -0.03430951  0.12722488 -0.04138121 -0.01878432
 -0.09627953  0.03269091 -0.04413881 -0.17022729  0.1112729  -0.07150841
 -0.07914781 -0.17816795  0.09816051  0.19744959  0.27882912 -0.03230741
  0.10792532 -0.26764781  0.14119709 -0.08908976  0.0342203   0.09624758
 -0.08451626 -0.04451631  0.07766401  0.24565598  0.17125303 -0.09253082
 -0.06777446 -0.14557029 -0.11180473 -0.13436551 -0.1349454  -0.02456067
 -0.26279902 -0.18028359 -0.25574143  0.1767434  -0.17693037 -0.05060563
 -0.17195138 -0.06396052  0.11256735 -0.25306253 -0.25651745 -0.28230882
  0.23003571 -0.03115149 -0.1083166   0.12057917  0.13494537  0.01261542
 -0.01700261  0.13891594 -0.01609897 -0.07060351 -0.37164403 -0.42799263
 -0.06515462 -0.10759989 -0.0141009  -0.25582194 -0.12071934 -0.03579634
 -0.01815139 -0.04462521 -0.07176342  0.25199386 -0.1431153   0.12856599
  0.01548626 -0.2439521   0.04878543 -0.17520443  0.01645984 -0.00597221
 -0.11499299 -0.02642015 -0.20815295 -0.21081513  0.17240626 -0.06743103
 -0.09657072 -0.16256472 -0.12049833 -0.0384191 ]
 
 
./inputs/hg38/chr6.fa
[-0.04986245  0.28466481 -0.03839982 -0.15657454 -0.11895214  0.05629588
 -0.16066745  0.01941943 -0.08342249 -0.14243231  0.04732896  0.05383189
  0.01602564  0.03877358 -0.02715564  0.12498385 -0.03928088 -0.02591277
 -0.10154518  0.03268348 -0.04406753 -0.1644207   0.108047   -0.07745556
 -0.08020687 -0.1880242   0.10349823  0.19714304  0.28025862 -0.03136458
  0.11105671 -0.27023416  0.13952911 -0.09572471  0.02973525  0.09467266
 -0.09249903 -0.05069033  0.07943093  0.25117725  0.16613872 -0.08622289
 -0.07328027 -0.14662875 -0.10517959 -0.14432648 -0.13688231 -0.02057307
 -0.26611343 -0.18730731 -0.25765072  0.18178689 -0.17966888 -0.0548294
 -0.17340503 -0.06297657  0.11571968 -0.25530407 -0.25543714 -0.28709011
  0.22443124 -0.0340827  -0.10621935  0.11796223  0.1263152   0.00710769
 -0.02398783  0.13661473 -0.01924867 -0.07003018 -0.37625026 -0.42944356
 -0.05987365 -0.11474055 -0.01804306 -0.26029572 -0.11909554 -0.03896401
 -0.01903374 -0.04715768 -0.07050701  0.25464446 -0.15729883  0.13149019
  0.01882874 -0.24518795  0.05375546 -0.17717327  0.02211984  0.00354671
 -0.11701394 -0.03326027 -0.21209083 -0.21806218  0.17063124 -0.06622882
 -0.09466557 -0.16398063 -0.12656629 -0.03258427]
 
 
./inputs/hg38/chr7.fa
[ -1.59150708e-02   2.94019559e-01  -3.50812242e-02  -1.59985094e-01
  -1.29403087e-01   1.09116051e-01  -1.59799156e-01   6.08767651e-02
  -1.56354287e-01  -2.17466847e-01  -1.97710763e-02   7.23696739e-02
   6.17320176e-02   8.94166670e-02  -1.14262822e-01   1.26624257e-01
  -7.90499249e-02  -4.82965981e-02  -3.03909187e-02   3.53118150e-02
  -2.48040798e-04  -1.35834611e-01   1.50658246e-01  -5.69640758e-02
  -8.37130019e-02  -1.33227060e-01   6.08626792e-02   2.28895145e-01
   3.02328570e-01  -2.81295254e-02   8.57955324e-02  -2.76132443e-01
   2.02262975e-01  -9.16378440e-02   1.26801333e-01   1.39289273e-01
  -5.35642648e-02   9.16803790e-03   5.39975835e-02   1.86134633e-01
   2.92225533e-01  -7.04649060e-02  -2.47896674e-02  -1.60997370e-01
  -1.53297529e-01  -4.70276239e-02  -1.63371136e-01  -1.99395519e-02
  -2.71862316e-01  -1.17587697e-01  -2.53468063e-01   1.40564700e-01
  -1.35190005e-01  -2.71286296e-02  -1.68958618e-01  -6.62923647e-02
   1.05502260e-01  -2.67853172e-01  -2.87702988e-01  -2.25675075e-01
   2.82241815e-01  -5.01520564e-02  -1.27460155e-01   1.94860328e-01
   1.69521956e-01   7.07216265e-02   4.27587968e-03   1.71852729e-01
  -1.76332186e-03  -1.01689857e-01  -3.53131563e-01  -3.80989568e-01
  -7.22132865e-02  -5.68380069e-02   4.56154685e-03  -2.61837176e-01
  -1.89553158e-01  -2.77149153e-02  -2.28269866e-02  -3.19143545e-02
  -1.08399101e-01   2.63929539e-01  -1.37764358e-01   1.00127000e-01
  -4.98223609e-02  -2.12523739e-01   1.72524047e-02  -2.26269523e-01
   1.75350498e-02  -4.50433839e-02  -1.18957756e-01   3.77510565e-02
  -1.99472977e-01  -2.50141873e-01   2.27739121e-01  -6.97766072e-02
  -1.52331597e-02  -1.03934200e-01  -1.34831823e-01  -4.68219476e-02]
  
  
./inputs/hg38/chr8.fa
[-0.05168799  0.28755184 -0.04420587 -0.14725562 -0.11704186  0.05453809
 -0.1599792   0.02140363 -0.08710797 -0.14667678  0.04264378  0.05931586
  0.01371037  0.03361387 -0.03313461  0.12590666 -0.04251268 -0.01711392
 -0.09723286  0.03823494 -0.04681026 -0.173557    0.11152883 -0.06818481
 -0.08075746 -0.18458117  0.09477575  0.19525422  0.27861747 -0.03002215
  0.10914497 -0.26845268  0.14258551 -0.0929899   0.03440323  0.09619601
 -0.08112363 -0.04034212  0.08140716  0.24925979  0.17272876 -0.09201081
 -0.07022654 -0.14461123 -0.11077053 -0.13172953 -0.13769647 -0.02655101
 -0.25884143 -0.1798908  -0.25781052  0.17257525 -0.18194653 -0.0517112
 -0.16758517 -0.06330549  0.11253443 -0.25277694 -0.25348688 -0.28361976
  0.23195233 -0.03086486 -0.11049587  0.12508565  0.13865174  0.01471859
 -0.01721922  0.13999833 -0.0139007  -0.06881577 -0.36806467 -0.42539242
 -0.06309857 -0.10560552 -0.01595755 -0.25775486 -0.11837104 -0.04060745
 -0.01814685 -0.04602691 -0.06872963  0.25318957 -0.14021988  0.12625354
  0.0234445  -0.24777724  0.04664601 -0.17488125  0.02028596 -0.0060052
 -0.11997681 -0.03099893 -0.20623463 -0.20695759  0.16818199 -0.06567306
 -0.095003   -0.16498049 -0.12125915 -0.0401422 ]
 
 
./inputs/hg38/chr9.fa
[-0.06256744  0.27745183 -0.04304049 -0.14747856 -0.11185088  0.03705391
 -0.15800053  0.00721364 -0.0668134  -0.12542245  0.06314872  0.05646431
  0.00493074  0.02253981 -0.00689034  0.12510331 -0.03259924 -0.01221874
 -0.11892889  0.03612124 -0.06040324 -0.17970572  0.0996286  -0.07878575
 -0.07978481 -0.19401073  0.11415544  0.18715354  0.27273695 -0.0317337
  0.11988799 -0.2692721   0.12410657 -0.09133666  0.00285499  0.07868914
 -0.09825662 -0.06623161  0.08474555  0.26879319  0.13469876 -0.10076508
 -0.08461134 -0.13965817 -0.09552333 -0.16778264 -0.13034552 -0.0264286
 -0.26211563 -0.20438034 -0.2598667   0.19002424 -0.1889628  -0.05763221
 -0.17169277 -0.06133067  0.11427749 -0.24826314 -0.24403715 -0.30230229
  0.20977136 -0.02420052 -0.10322654  0.09445957  0.1210392  -0.00658854
 -0.02772947  0.12646352 -0.02250315 -0.05789166 -0.38167119 -0.44091812
 -0.06112289 -0.12622442 -0.02131132 -0.25127437 -0.09885026 -0.04094708
 -0.01539501 -0.04848313 -0.06186372  0.2460065  -0.15066877  0.13910909
  0.04254187 -0.25520799  0.05525317 -0.1597577   0.01994217  0.01001613
 -0.11276932 -0.05206344 -0.21359404 -0.20019026  0.15482056 -0.06796331
 -0.11826139 -0.18159701 -0.11985242 -0.03191127]
 
 
./inputs/hg38/chr10.fa
[-0.05242354  0.28785313 -0.03818985 -0.15630099 -0.12033799  0.05345865
 -0.16238305  0.01758598 -0.0778913  -0.14013297  0.05089294  0.05425596
  0.01111934  0.03474856 -0.02416023  0.12362109 -0.03687652 -0.02427784
 -0.10701541  0.03484027 -0.04618409 -0.16906222  0.10481432 -0.07791076
 -0.08016725 -0.19483606  0.1017341   0.19519287  0.27889545 -0.03396779
  0.11224274 -0.27074674  0.1360574  -0.09678418  0.02681861  0.09246558
 -0.09103522 -0.05073207  0.08286181  0.25605749  0.16225249 -0.08672594
 -0.07493946 -0.14494205 -0.10328454 -0.1481435  -0.13722957 -0.02014347
 -0.26314413 -0.19035443 -0.25962187  0.17924551 -0.18414497 -0.05669802
 -0.17195118 -0.06144578  0.1166325  -0.25442052 -0.25450722 -0.28970756
  0.22432093 -0.03350041 -0.10405498  0.11594813  0.12615104  0.00470798
 -0.02519762  0.13656807 -0.01909442 -0.06893544 -0.37531596 -0.43062614
 -0.05775468 -0.11711526 -0.02195846 -0.26401627 -0.11585013 -0.04023331
 -0.01848444 -0.04694122 -0.06791431  0.25614859 -0.1568772   0.12987264
  0.02437749 -0.24878311  0.05492353 -0.17334923  0.02305063  0.0048079
 -0.12074306 -0.03691696 -0.21112726 -0.21466664  0.16719338 -0.06450127
 -0.09938303 -0.17005312 -0.12857508 -0.03532239]
 
 
./inputs/hg38/chr11.fa
[-0.05478329  0.27987984 -0.04003461 -0.15109858 -0.11429038  0.04963216
 -0.15698745  0.01509441 -0.08048854 -0.13692673  0.0510943   0.05511461
  0.01300943  0.03315282 -0.02296739  0.12662676 -0.03873436 -0.02014425
 -0.10442077  0.03253518 -0.04868413 -0.1687047   0.10665546 -0.07647454
 -0.08017804 -0.18456046  0.10762497  0.19569895  0.27776458 -0.03209659
  0.11325123 -0.26917103  0.13504051 -0.08976042  0.0215823   0.08903754
 -0.09387152 -0.05419987  0.08148952  0.25367479  0.15587423 -0.09220696
 -0.07458564 -0.14399103 -0.10391591 -0.1502476  -0.13212353 -0.02204385
 -0.26421728 -0.19051364 -0.25789033  0.18538074 -0.18080966 -0.05454764
 -0.17204293 -0.06239585  0.11387066 -0.25200992 -0.25260437 -0.29164407
  0.2181113  -0.03081445 -0.10763115  0.10974746  0.1261093   0.00280372
 -0.02417705  0.13346464 -0.02022718 -0.0663449  -0.37792522 -0.43416587
 -0.0625436  -0.11827485 -0.01689823 -0.25444654 -0.11328097 -0.03948374
 -0.01653863 -0.04721955 -0.06826689  0.24943528 -0.15116816  0.13452987
  0.0244371  -0.24779106  0.05355456 -0.17180675  0.01996518  0.00222015
 -0.11287981 -0.03610873 -0.21283941 -0.21170135  0.16599963 -0.06739965
 -0.10305831 -0.16822073 -0.1220936  -0.03457961]
 
 
./inputs/hg38/chr12.fa
[-0.03575019  0.29261988 -0.03477082 -0.16555256 -0.12501944  0.08060565
 -0.16207185  0.03392694 -0.10718316 -0.16440581  0.02561627  0.05206471
  0.02886877  0.05652411 -0.05584323  0.12587467 -0.04800293 -0.03943599
 -0.07576055  0.0301447  -0.02380095 -0.14456285  0.12141808 -0.07294067
 -0.08130303 -0.1750611   0.09221278  0.21123863  0.28967925 -0.02827571
  0.09967525 -0.27110055  0.15864084 -0.09649484  0.06253929  0.1128086
 -0.08545509 -0.02589304  0.07457388  0.22718874  0.2067045  -0.06954669
 -0.05842272 -0.1539383  -0.1194884  -0.11283494 -0.14261939 -0.01578203
 -0.26888704 -0.16138424 -0.25326593  0.17050058 -0.16845047 -0.04921689
 -0.17458792 -0.06709938  0.11551895 -0.26365584 -0.26815446 -0.26657128
  0.24308779 -0.04536602 -0.11299379  0.14747002  0.13391076  0.02426475
 -0.01743672  0.14821057 -0.0147769  -0.08522695 -0.366809   -0.41645758
 -0.06256536 -0.10225157 -0.01016192 -0.26696196 -0.14399482 -0.03841944
 -0.02059501 -0.04421551 -0.08136429  0.26354747 -0.16000852  0.12284362
 -0.00941216 -0.23197884  0.04802405 -0.20096719  0.02656191 -0.00914098
 -0.12155723 -0.00789992 -0.2105735  -0.23853616  0.18806183 -0.06395183
 -0.06434695 -0.13902893 -0.13014555 -0.036826  ]
 
 
./inputs/hg38/chr13.fa
[-0.0989595   0.3070747   0.0118788  -0.13209714 -0.0816518   0.1278911
 -0.20914523  0.05146545 -0.06032654 -0.09439878  0.0803845   0.09396796
 -0.09626847 -0.11333933  0.08353184  0.17806808  0.04954006  0.02777005
 -0.09139191  0.04181301 -0.12021203 -0.24928463  0.02200255 -0.0606029
 -0.13650269 -0.24118938  0.10847365  0.20839605  0.17622232 -0.09237824
  0.14003825 -0.18926547  0.23112693 -0.05080831 -0.08627489  0.06781023
 -0.05016999 -0.02609156  0.20770551  0.24101106 -0.02756298 -0.05561635
 -0.12998472 -0.05819624 -0.14983863 -0.13057717 -0.07707439 -0.03106027
 -0.29173131 -0.17732399 -0.25349658  0.12716703 -0.16792897  0.0439273
 -0.16869495 -0.1109232   0.11775692 -0.31307456 -0.21764214 -0.25739909
  0.28857178 -0.03587511 -0.15398481  0.13282566  0.20002319  0.02738394
 -0.10438066  0.19733706 -0.09891242  0.05845294 -0.33152554 -0.47850329
 -0.06651854 -0.21859748  0.04065635 -0.2157609  -0.06074605 -0.04851124
 -0.0314093  -0.0882475  -0.07490872  0.25971015 -0.0837989   0.17499609
  0.01404006 -0.24163055  0.01298762 -0.16204041 -0.00711308  0.05160753
 -0.13071578 -0.11997663 -0.23374301 -0.18002597  0.10894776 -0.09112931
 -0.16394542 -0.1026397  -0.11985703 -0.19439006]
 
 
./inputs/hg38/chr14.fa
[-0.0989595   0.3070747   0.0118788  -0.13209714 -0.0816518   0.1278911
 -0.20914523  0.05146545 -0.06032654 -0.09439878  0.0803845   0.09396796
 -0.09626847 -0.11333933  0.08353184  0.17806808  0.04954006  0.02777005
 -0.09139191  0.04181301 -0.12021203 -0.24928463  0.02200255 -0.0606029
 -0.13650269 -0.24118938  0.10847365  0.20839605  0.17622232 -0.09237824
  0.14003825 -0.18926547  0.23112693 -0.05080831 -0.08627489  0.06781023
 -0.05016999 -0.02609156  0.20770551  0.24101106 -0.02756298 -0.05561635
 -0.12998472 -0.05819624 -0.14983863 -0.13057717 -0.07707439 -0.03106027
 -0.29173131 -0.17732399 -0.25349658  0.12716703 -0.16792897  0.0439273
 -0.16869495 -0.1109232   0.11775692 -0.31307456 -0.21764214 -0.25739909
  0.28857178 -0.03587511 -0.15398481  0.13282566  0.20002319  0.02738394
 -0.10438066  0.19733706 -0.09891242  0.05845294 -0.33152554 -0.47850329
 -0.06651854 -0.21859748  0.04065635 -0.2157609  -0.06074605 -0.04851124
 -0.0314093  -0.0882475  -0.07490872  0.25971015 -0.0837989   0.17499609
  0.01404006 -0.24163055  0.01298762 -0.16204041 -0.00711308  0.05160753
 -0.13071578 -0.11997663 -0.23374301 -0.18002597  0.10894776 -0.09112931
 -0.16394542 -0.1026397  -0.11985703 -0.19439006]
 
 
./inputs/hg38/chr15.fa
[-0.10060439  0.30215426  0.01056673 -0.10938274 -0.08601069  0.10516351
 -0.21090164  0.04428105 -0.05125063 -0.10559048  0.08027231  0.08407321
 -0.05257473 -0.07214866  0.07503196  0.17826284  0.03525621  0.02353331
 -0.10801609  0.06207465 -0.12059516 -0.23573439  0.0405266  -0.08360636
 -0.11296258 -0.24868173  0.09564279  0.20624618  0.18775851 -0.09356391
  0.12284377 -0.19565118  0.22114715 -0.06760885 -0.04584636  0.05668581
 -0.04557865 -0.04092472  0.17784323  0.24605533 -0.00056239 -0.0605196
 -0.11983417 -0.06967135 -0.13778366 -0.14416402 -0.07424052 -0.0374456
 -0.30481954 -0.1699659  -0.25278677  0.14423307 -0.15589349  0.02977854
 -0.16767831 -0.12040001  0.11606117 -0.30290005 -0.21393285 -0.24233998
  0.29630742 -0.01416657 -0.1427983   0.1266948   0.20479072  0.03554814
 -0.08003097  0.18863683 -0.06087342  0.05275625 -0.34575134 -0.46269767
 -0.06456429 -0.18015662  0.02427162 -0.23272601 -0.07476014 -0.0545501
 -0.02844562 -0.08473135 -0.06636638  0.27184813 -0.08510276  0.1591885
  0.0077345  -0.22371354  0.02230433 -0.16322765 -0.0153091   0.03812492
 -0.10062073 -0.12678811 -0.2346894  -0.18553658  0.12013904 -0.1102792
 -0.17366935 -0.13681528 -0.13099735 -0.14212433]
 
./inputs/hg38/chr16.fa
[-0.02423296  0.30027007 -0.02763861 -0.17640362 -0.13840035  0.09384151
 -0.1673787   0.042907   -0.11017443 -0.18223045  0.01201331  0.05427564
  0.03214895  0.06733156 -0.07073267  0.12545219 -0.05391832 -0.05501247
 -0.06897176  0.03031689 -0.00893736 -0.13532068  0.1258662  -0.07812487
 -0.08195808 -0.18412511  0.07894119  0.21785673  0.29443961 -0.03550415
  0.09766936 -0.27603721  0.17081503 -0.10569489  0.09035727  0.12372346
 -0.0771076  -0.01853713  0.07274781  0.22389404  0.23265657 -0.05522996
 -0.04381623 -0.15681798 -0.12606389 -0.10055217 -0.15174919 -0.00485442
 -0.2703079  -0.15465025 -0.25934789  0.16131322 -0.16676199 -0.05056081
 -0.17283294 -0.0598927   0.11894635 -0.26775263 -0.27797057 -0.25953495
  0.24725127 -0.05336453 -0.11301973  0.16333474  0.13736104  0.03434462
 -0.01780087  0.15859736 -0.01000989 -0.0970363  -0.36392025 -0.40705832
 -0.05506112 -0.09520536 -0.0189598  -0.29025725 -0.16084971 -0.03915852
 -0.0243763  -0.04139075 -0.08874285  0.27250509 -0.17074541  0.11299233
 -0.02320365 -0.22978417  0.04953348 -0.21301856  0.02954845 -0.01331672
 -0.12960074  0.00223653 -0.20977324 -0.25480284  0.20417268 -0.05922731
 -0.04786598 -0.13267204 -0.14651351 -0.03769357]
 
 
./inputs/hg38/chr17.fa
[-0.01808677  0.29414844 -0.03862351 -0.16697166 -0.14010958  0.10400552
 -0.16670553  0.05273468 -0.13244759 -0.21340572 -0.00940771  0.07144534
  0.07404524  0.09489342 -0.10308047  0.12052678 -0.06341442 -0.05023894
 -0.04512215  0.02893195 -0.00461492 -0.13070925  0.1379647  -0.07129303
 -0.08329302 -0.15710112  0.06491447  0.23158526  0.29848245 -0.03362667
  0.08341189 -0.27941408  0.19844988 -0.11419194  0.12000952  0.14018187
 -0.06336885 -0.01075018  0.04623768  0.19385283  0.28173992 -0.05171095
 -0.04284733 -0.15638615 -0.14237659 -0.06532594 -0.16859355 -0.00692191
 -0.28046117 -0.1387439  -0.25703849  0.15161139 -0.14504143 -0.03312328
 -0.16924937 -0.06065047  0.11878653 -0.27097071 -0.28723604 -0.23715953
  0.27886015 -0.05952152 -0.12348406  0.19170962  0.15482637  0.06797488
 -0.0049046   0.16877344  0.00202283 -0.08988078 -0.35150615 -0.38383102
 -0.05327266 -0.05744066 -0.00439943 -0.28188898 -0.19137046 -0.01929761
 -0.0331274  -0.03539704 -0.10686937  0.27345439 -0.16600065  0.10619966
 -0.05353998 -0.22477167  0.04098338 -0.22984321  0.02347726 -0.02926125
 -0.12073623  0.02362039 -0.19738135 -0.25804809  0.22428362 -0.06270147
 -0.01048009 -0.11753324 -0.14663921 -0.02563542]
 
 
./inputs/hg38/chr18.fa
[-0.05244399  0.2855149  -0.03929314 -0.15480827 -0.11787464  0.05177326
 -0.16174161  0.01652953 -0.07869284 -0.13781929  0.05062163  0.05479123
  0.00856589  0.03322244 -0.02170197  0.12489824 -0.03672617 -0.02233027
 -0.10648878  0.03501771 -0.04756367 -0.16999923  0.10559886 -0.07658095
 -0.07966957 -0.19281592  0.10363041  0.19400568  0.2761876  -0.03178452
  0.11245932 -0.27005871  0.13660934 -0.09439771  0.02382625  0.09019819
 -0.09192228 -0.05195456  0.08295344  0.25575211  0.15929722 -0.08936321
 -0.07478581 -0.14459946 -0.10389259 -0.14949342 -0.13523644 -0.0227757
 -0.26435547 -0.19122516 -0.25983933  0.18101823 -0.18354188 -0.05500731
 -0.17269289 -0.06138759  0.11554843 -0.25333536 -0.25174313 -0.29014411
  0.22291708 -0.0319248  -0.10420963  0.111746    0.125847    0.00321609
 -0.02448613  0.13481949 -0.02042827 -0.06901296 -0.37747902 -0.43170141
 -0.06077225 -0.11823002 -0.02093697 -0.26029464 -0.11257283 -0.04140282
 -0.01771883 -0.04621602 -0.06827197  0.25340996 -0.15367583  0.13115504
  0.02591083 -0.24783517  0.05330594 -0.17167476  0.02177385  0.00487516
 -0.11855571 -0.03720449 -0.21201969 -0.2134371   0.1655943  -0.0660067
 -0.10182632 -0.16932555 -0.12500409 -0.03431838]
 
 
./inputs/hg38/chr19.fa
[-0.00719677  0.30934207 -0.01623815 -0.19453445 -0.15910228  0.12160196
 -0.17535637  0.05635054 -0.11461805 -0.209329   -0.0052301   0.06067858
  0.04587691  0.08744175 -0.09079416  0.12242577 -0.06191924 -0.08131601
 -0.05504959  0.03108877  0.00966048 -0.11848887  0.1311265  -0.08622112
 -0.08359949 -0.19221937  0.06287361  0.22794537  0.30375136 -0.04016096
  0.09615122 -0.28461108  0.19146182 -0.12304838  0.12511448  0.14160873
 -0.07026169 -0.01111159  0.06862242  0.21708579  0.27244836 -0.0310368
 -0.03227627 -0.16391451 -0.13218447 -0.082597   -0.16622684  0.00849908
 -0.27960772 -0.14320411 -0.26435333  0.15177037 -0.16387325 -0.05076765
 -0.17128454 -0.05401838  0.12691639 -0.27767567 -0.29717389 -0.24839923
  0.25888892 -0.06481499 -0.11554187  0.19148697  0.14122968  0.04941101
 -0.0220709   0.17478181 -0.00727812 -0.10596592 -0.36538284 -0.39367137
 -0.04641043 -0.08719077 -0.02564872 -0.31935153 -0.1880786  -0.0380911
 -0.03231186 -0.04198951 -0.10045062  0.2852634  -0.19216191  0.1020236
 -0.04462725 -0.22412676  0.05068309 -0.23640614  0.03233052 -0.01266105
 -0.13894654  0.01510051 -0.21116599 -0.28123728  0.22853507 -0.05465635
 -0.01608631 -0.12126685 -0.17118441 -0.0348482 ]
 
 
./inputs/hg38/chr20.fa
[-0.44233272 -0.01197656 -0.00760826  0.08179726 -0.24333829  0.12302417
 -0.09574575  0.11368478  0.06426761 -0.30885193  0.17144863  0.01520803
  0.21323328  0.00843518 -0.38680518 -0.08656328 -0.10152564  0.07968021
 -0.03114327 -0.19195129  0.13632712 -0.03746613  0.41111191 -0.09915396
 -0.05844364 -0.10873296  0.13351323  0.20243466  0.40249035 -0.16323742
 -0.04166424 -0.43677736 -0.10328024 -0.09429599 -0.03117643  0.11638999
 -0.12429141 -0.02156734 -0.09239727 -0.02480842  0.04763897 -0.24036267
 -0.05322345 -0.25508615 -0.12525017 -0.03661909 -0.06578185  0.11242337
 -0.26182574 -0.05340811 -0.2539133  -0.04419278 -0.13134916 -0.18817841
  0.15657127 -0.01952226  0.15761922 -0.28411549 -0.10342332 -0.1648957
  0.29931723 -0.03787611  0.08996009  0.29021156  0.21288161 -0.20350431
  0.11068884  0.24028311  0.06294042  0.06706879 -0.22866916 -0.66117104
 -0.19515395 -0.14299328  0.00359673 -0.27391625 -0.16573193  0.21488189
  0.02405414 -0.09070301  0.02271161  0.33252236 -0.28759     0.23652847
 -0.13838174 -0.2954981   0.4399205  -0.41241529  0.05592715 -0.12571141
 -0.26219881  0.08425988 -0.25202566 -0.16070409  0.16923755 -0.01842578
  0.15679782 -0.82916986 -0.22531723  0.01556996]
  
  
./inputs/hg38/chr21.fa
[ 0.00040109  0.29999211 -0.02016951 -0.18181238 -0.14945424  0.12946822
 -0.17053049  0.06367353 -0.17054684 -0.24321419 -0.0401924   0.07875445
  0.09297366  0.12367799 -0.14109007  0.12714769 -0.07746223 -0.07117353
 -0.01248232  0.03108734  0.02187089 -0.1168182   0.15292547 -0.06849324
 -0.08289564 -0.13757593  0.0376694   0.2434239   0.30191599 -0.03172828
  0.07298694 -0.28775484  0.21473988 -0.11371128  0.16965134  0.16033509
 -0.03547241  0.01756498  0.02814759  0.17318798  0.33811998 -0.04246049
 -0.00918436 -0.15987113 -0.16977788 -0.02690415 -0.17819072 -0.00893347
 -0.28828459 -0.10733391 -0.25771948  0.13483988 -0.13182573 -0.01528808
 -0.17411337 -0.05598889  0.11277502 -0.2768218  -0.30143988 -0.2113573
  0.30595404 -0.05685808 -0.11846224  0.22530056  0.16490928  0.08828983
  0.00550217  0.1837594   0.00590995 -0.10979338 -0.35557763 -0.36232145
 -0.06379097 -0.04942201 -0.0063322  -0.28391835 -0.21548253 -0.00797356
 -0.03087922 -0.02801283 -0.12861175  0.27292702 -0.16345797  0.09206365
 -0.0868601  -0.20598336  0.02436786 -0.25785102  0.00875591 -0.04455385
 -0.12715397  0.05837451 -0.19353612 -0.28458154  0.25365609 -0.0594958
  0.01609729 -0.0932377  -0.15729245 -0.03629983]
  
  
./inputs/hg38/chr22.fa
[-0.07597161  0.26706591 -0.0391182  -0.13737717 -0.11164965  0.0376203
 -0.15737796  0.00623931 -0.05247525 -0.12766966  0.06638765  0.08226724
  0.01298069  0.01291772 -0.01648046  0.10547952 -0.03702136 -0.00077846
 -0.12847674  0.0386985  -0.05235947 -0.19058374  0.10105948 -0.07228874
 -0.0772448  -0.20282387  0.11490507  0.18006228  0.27282469 -0.03927363
  0.11937089 -0.28759983  0.09582855 -0.1037437  -0.02314754  0.07372216
 -0.08754153 -0.07070125  0.07555508  0.27636525  0.11762717 -0.11740751
 -0.07531635 -0.14095529 -0.08813248 -0.17281235 -0.13766499 -0.03461133
 -0.26428895 -0.20253585 -0.26183996  0.16980447 -0.18905087 -0.06875217
 -0.16395543 -0.06513122  0.10332345 -0.26070095 -0.23783682 -0.30082684
  0.20163422 -0.02133333 -0.09479273  0.10482841  0.12835176 -0.01967828
 -0.02885968  0.13177654 -0.02309493 -0.04017434 -0.3767814  -0.45510027
 -0.06271037 -0.12595646 -0.02694802 -0.25378978 -0.08954649 -0.02952255
 -0.0080179  -0.045131   -0.06081412  0.23569124 -0.1522231   0.14139982
  0.05329328 -0.26835359  0.06267401 -0.16377319  0.00388295  0.00389141
 -0.11022739 -0.06335259 -0.20946125 -0.18579667  0.15920392 -0.06197652
 -0.12436002 -0.22389315 -0.12366938 -0.03347779]